-3.844910e-01 -9.230711e-01 -1.030104e-02 6.345353e-03 1.119371e-01 -3.554344e-02 -9.930795e-01 6.117283e-01 9.163170e-01 -3.829833e-01 1.169919e-01 -7.206602e-02
-3.974464e-01 -9.173452e-01 -2.266957e-02 1.211305e-01 7.732178e-02 -8.863119e-03 -9.969667e-01 7.202438e-01 9.143618e-01 -3.979938e-01 7.445326e-02 2.613853e-01
-4.158490e-01 -9.093624e-01 1.137345e-02 1.570600e-01 6.614896e-02 -4.271805e-02 -9.968948e-01 8.090794e-01 9.070247e-01 -4.138055e-01 7.791754e-02 -1.875732e-01
-3.615115e-01 -9.321853e-01 -1.844601e-02 -1.335908e-01 3.880892e-02 4.722362e-03 -9.992356e-01 1.167345e+00 9.315597e-01 -3.619509e-01 3.447003e-02 -3.560529e-01
