2.235454e-01 -9.740502e-01 -3.540528e-02 1.132969e-02 1.718944e-01 7.515300e-02 -9.822445e-01 3.143182e-01 9.594163e-01 2.134903e-01 1.842339e-01 -5.895484e-02
1.487062e-01 -9.878447e-01 -4.527340e-02 5.823866e-01 1.373401e-01 6.597015e-02 -9.883248e-01 5.266354e-01 9.792979e-01 1.407522e-01 1.454809e-01 -1.556564e-02
2.168283e-01 -9.747531e-01 -5.330849e-02 8.633215e-02 1.889099e-01 9.547204e-02 -9.773424e-01 1.143102e-01 9.577570e-01 2.018450e-01 2.048416e-01 -2.993652e-01
2.115363e-01 -9.770817e-01 -2.373784e-02 7.540672e-02 1.648997e-01 5.961845e-02 -9.845067e-01 4.201193e-01 9.633589e-01 2.043444e-01 1.737318e-01 -9.205745e-02
