1.742585e-01 -9.840639e-01 3.538731e-02 -2.892193e-02 1.228744e-02 -3.376125e-02 -9.993544e-01 8.167692e-01 9.846233e-01 1.745809e-01 6.208476e-03 -5.074168e-03
1.492741e-01 -9.887930e-01 2.355163e-03 9.715701e-02 9.997715e-04 -2.231079e-03 -9.999968e-01 7.973881e-01 9.887952e-01 1.492758e-01 6.553875e-04 -1.527130e-01
1.824745e-01 -9.827629e-01 2.966681e-02 -4.531525e-02 -2.389601e-02 -3.459736e-02 -9.991156e-01 9.187373e-01 9.829202e-01 1.816042e-01 -2.979726e-02 -2.685132e-01
1.726996e-01 -9.844285e-01 3.278637e-02 -2.934603e-02 1.873161e-02 -2.999823e-02 -9.993742e-01 7.817430e-01 9.847963e-01 1.732055e-01 1.325909e-02 -5.467172e-02
