-5.611737e-01 -8.232246e-01 -8.594050e-02 5.824442e-02 1.209649e-01 2.114598e-02 -9.924317e-01 6.726004e-01 8.188113e-01 -5.673221e-01 8.771493e-02 -5.944700e-02
-5.430562e-01 -8.346453e-01 -9.196201e-02 -5.340215e-02 9.643405e-02 4.680187e-02 -9.942383e-01 8.365542e-01 8.341404e-01 -5.487958e-01 5.507204e-02 -2.044186e-02
-5.208039e-01 -8.510993e-01 -6.628264e-02 -2.951952e-01 1.459912e-01 -1.229625e-02 -9.892095e-01 6.074089e-01 8.411005e-01 -5.248608e-01 1.306569e-01 -2.758098e-01
-5.950904e-01 -7.992842e-01 -8.374112e-02 3.005373e-01 9.278396e-02 3.517289e-02 -9.950650e-01 9.003299e-01 7.982851e-01 -5.999233e-01 5.322989e-02 -9.001737e-02
