1.370350e-01 -9.797738e-01 1.458243e-01 -1.213444e-01 -1.612799e-01 -1.673171e-01 -9.726221e-01 8.093458e-01 9.773486e-01 1.097648e-01 -1.809461e-01 1.505702e-01
1.476992e-01 -9.833806e-01 1.055831e-01 -1.252178e-01 -1.590501e-01 -1.289808e-01 -9.788090e-01 7.904082e-01 9.761599e-01 1.277764e-01 -1.754570e-01 -1.314712e-01
8.706947e-02 -9.861521e-01 1.411476e-01 1.430721e-01 -1.888254e-01 -1.554545e-01 -9.696280e-01 9.570614e-01 9.781430e-01 5.777263e-02 -1.997461e-01 -4.514326e-02
1.341137e-01 -9.820719e-01 1.324700e-01 -1.367448e-01 -1.736910e-01 -1.549040e-01 -9.725410e-01 7.087486e-01 9.756254e-01 1.074223e-01 -1.913518e-01 1.865437e-01
