-3.363390e-01 -9.416957e-01 9.245947e-03 -6.581482e-03 3.779578e-02 -2.330791e-02 -9.990137e-01 7.111215e-01 9.409824e-01 -3.356577e-01 4.343157e-02 -3.091561e-02
-3.726195e-01 -9.279444e-01 8.582529e-03 2.078028e-01 2.380802e-02 -1.880500e-02 -9.995396e-01 7.418019e-01 9.276787e-01 -3.722438e-01 2.909952e-02 -8.206110e-02
-3.881831e-01 -9.215711e-01 -4.496699e-03 2.535254e-01 -1.957725e-02 1.312425e-02 -9.997221e-01 9.767503e-01 9.213742e-01 -3.879873e-01 -2.313657e-02 -7.366884e-02
-3.510016e-01 -9.363580e-01 5.639334e-03 9.985998e-02 4.918923e-02 -2.445238e-02 -9.984902e-01 5.857275e-01 9.350821e-01 -3.501941e-01 5.464173e-02 1.478364e-01
