2.499859e-01 -9.651718e-01 -7.714017e-02 5.611034e-02 4.907033e-02 9.219640e-02 -9.945312e-01 7.234036e-01 9.670054e-01 2.448336e-01 7.040923e-02 -5.121437e-02
2.404380e-01 -9.680511e-01 -7.118163e-02 1.344453e-01 3.704818e-02 8.243179e-02 -9.959080e-01 8.210563e-01 9.699574e-01 2.368170e-01 5.568429e-02 -9.688505e-02
2.625113e-01 -9.630897e-01 -5.954643e-02 -5.844095e-02 5.819924e-02 7.740120e-02 -9.952997e-01 5.722208e-01 9.631721e-01 2.578117e-01 7.636964e-02 -8.300643e-02
2.159670e-01 -9.722341e-01 -9.010641e-02 3.254565e-01 4.822141e-02 1.027921e-01 -9.935333e-01 8.716373e-01 9.752092e-01 2.102253e-01 6.908221e-02 1.710836e-01
