-3.139921e-01 -9.494234e-01 -1.958502e-03 1.551973e-03 8.779133e-02 -2.698017e-02 -9.957733e-01 7.890799e-01 9.453577e-01 -3.128370e-01 9.182266e-02 -7.276296e-02
-3.394713e-01 -9.406129e-01 -2.600352e-03 1.191087e-01 6.773829e-02 -2.168948e-02 -9.974674e-01 8.784344e-01 9.381742e-01 -3.387876e-01 7.107849e-02 -2.670109e-01
-2.988596e-01 -9.542974e-01 8.719419e-05 -7.036066e-02 5.461785e-02 -1.719589e-02 -9.983594e-01 9.381324e-01 9.527330e-01 -2.983643e-01 5.726097e-02 2.494839e-02
-2.905666e-01 -9.568543e-01 1.478957e-04 -1.080028e-01 7.790644e-02 -2.381209e-02 -9.966760e-01 8.354077e-01 9.536776e-01 -2.895896e-01 8.146378e-02 5.376510e-02
